4.999999999999999289e+01,4.979325461637265637e-01,4.979325461637265637e-01,4.237423189365654291e-02,4.352932790646445865e-02
5.076744358806925561e+01,4.980987849957737024e-01,4.980987849957737024e-01,4.209243811361375320e-02,4.324060061282943707e-02
5.154666656935586388e+01,4.985422647108705974e-01,4.985422647108705974e-01,4.225814837450161260e-02,4.340970744224614125e-02
5.233784974425578440e+01,4.993464367192566034e-01,4.993464367192566034e-01,4.218416930938838350e-02,4.333454420298221699e-02
5.314117668824699336e+01,5.001928870296292740e-01,5.001928870296292740e-01,4.234307108630309957e-02,4.350124249307554813e-02
5.395683379448400530e+01,5.003392661094580030e-01,5.003392661094580030e-01,4.231858508006552944e-02,4.347515470127109177e-02
5.478501031704588797e+01,4.997109707917495869e-01,4.997109707917495869e-01,4.236870375878060840e-02,4.352898707866552364e-02
5.562589841484839326e+01,5.000043287922593116e-01,5.000043287922593116e-01,4.231805466013611322e-02,4.347602761781308583e-02
5.647969319622971796e+01,5.016744798468187883e-01,5.016744798468187883e-01,4.224862563438364083e-02,4.340261869278037865e-02
5.734659276422102892e+01,5.007367393813516587e-01,5.007367393813516587e-01,4.226484977986547098e-02,4.342187992040999478e-02
5.822679826251143709e+01,4.982164410886912864e-01,4.982164410886912864e-01,4.256171959004131922e-02,4.372480826973332985e-02
5.912051392211873946e+01,4.999332274277970001e-01,4.999332274277970001e-01,4.251117272631381450e-02,4.367302602870040684e-02
6.002794710877653017e+01,4.997812999226774466e-01,4.997812999226774466e-01,8.222314503480447970e-03,8.438745845865923412e-03
6.094930837104832477e+01,5.011600037811803077e-01,5.011600037811803077e-01,4.251325503480620632e-02,4.367626282086712469e-02
6.188481148918067021e+01,4.997784842878261191e-01,4.997784842878261191e-01,4.234450230488437383e-02,4.350416018228861481e-02
6.283467352470557188e+01,4.994026130000387420e-01,4.994026130000387420e-01,4.252785227270215046e-02,4.369386890673195023e-02
6.379911487080478594e+01,4.996864670603541891e-01,4.996864670603541891e-01,4.250676664031925733e-02,4.367065721523249316e-02
6.477835930344662074e+01,5.015923079782439453e-01,5.015923079782439453e-01,4.240288349578622690e-02,4.356386006320826787e-02
6.577263403330815095e+01,4.985771456860521589e-01,4.985771456860521589e-01,4.259551366046070847e-02,4.376151039570686657e-02
6.678216975849389314e+01,4.997784078415609121e-01,4.997784078415609121e-01,4.293809018749743939e-02,4.408461941345012680e-02
6.780720071806406679e+01,5.012816210251705984e-01,5.012816210251705984e-01,4.261880429871962167e-02,4.378576336312108019e-02
6.884796474638415020e+01,4.996476803965618774e-01,4.996476803965618774e-01,4.262086553263361860e-02,4.378785426067770270e-02
6.990470332830872735e+01,5.003670567087794563e-01,5.003670567087794563e-01,4.262497262997203690e-02,4.379165711021050511e-02
7.097766165521261428e+01,4.985351823968006135e-01,4.985351823968006135e-01,4.270787610663683009e-02,4.387823134762584149e-02
7.206708868188142958e+01,4.996912178118438908e-01,4.996912178118438908e-01,4.257450901690754130e-02,4.373884887457825388e-02
7.317323718427600454e+01,4.991021391114542904e-01,4.991021391114542904e-01,4.248166296569979433e-02,4.364438731802511295e-02
7.429636381818284008e+01,4.997394408701668067e-01,4.997394408701668067e-01,4.262538314514677240e-02,4.379039931201259700e-02
7.543672917876534711e+01,4.989396626984854421e-01,4.989396626984854421e-01,4.257294052193174444e-02,4.373949392701615563e-02
7.659459786102853229e+01,4.997701653148808876e-01,4.997701653148808876e-01,4.265474730869755343e-02,4.382524857926182321e-02
7.777023852121232039e+01,4.987778582838152119e-01,4.987778582838152119e-01,4.265391328610712574e-02,4.382309364818502001e-02
7.896392393912671537e+01,5.010558094299482068e-01,5.010558094299482068e-01,4.270808025219594017e-02,4.387775977348792183e-02
8.017593108144414771e+01,5.002676197385945711e-01,5.002676197385945711e-01,4.268712838954524802e-02,4.385689597541932161e-02
8.140654116596289214e+01,4.994531620626306845e-01,4.994531620626306845e-01,4.255610751238418643e-02,4.372384242597036202e-02
8.265603972685714496e+01,5.003250975885039642e-01,5.003250975885039642e-01,4.259926213108701509e-02,4.376893267451668901e-02
8.392471668092863979e+01,5.002540707151076349e-01,5.002540707151076349e-01,4.270684793492546261e-02,4.387782524406793477e-02
8.521286639487475156e+01,4.988393528430917212e-01,4.988393528430917212e-01,4.278386268371832390e-02,4.395662475534482111e-02
8.652078775358974383e+01,5.012114423265525698e-01,5.012114423265525698e-01,4.294205494350171459e-02,4.408574972144561205e-02
8.784878422951356924e+01,4.998173188577358372e-01,4.998173188577358372e-01,4.274197921867016470e-02,4.391368599666747863e-02
8.919716395304597256e+01,5.002292322252084311e-01,5.002292322252084311e-01,4.273197213752428364e-02,4.390275010099867203e-02
9.056623978404047648e+01,4.993745773096985863e-01,4.993745773096985863e-01,4.264218889435869575e-02,4.380952793394680966e-02
9.195632938439658233e+01,4.989639114929096397e-01,4.989639114929096397e-01,4.271141808651737065e-02,4.388337794365361477e-02
9.336775529176533439e+01,5.001317230042573447e-01,5.001317230042573447e-01,4.276843297202140293e-02,4.394113395057502175e-02
9.480084499438704881e+01,5.009711912980057136e-01,5.009711912980057136e-01,4.275038796584704204e-02,4.392147213593125543e-02
9.625593100707685323e+01,5.010869633783051613e-01,5.010869633783051613e-01,4.276116057150648048e-02,4.393339561152970196e-02
9.773335094837716497e+01,5.009877662800604758e-01,5.009877662800604758e-01,4.265967946013551892e-02,4.382994211156619746e-02
9.923344761889421761e+01,5.009733239849665232e-01,5.009733239849665232e-01,4.282246766079333272e-02,4.399434547827695691e-02
1.007565690808368117e+02,5.010394133143968309e-01,5.010394133143968309e-01,4.267689455137588239e-02,4.384430880434229266e-02
1.023030687387756643e+02,5.008846851447613657e-01,5.008846851447613657e-01,4.279948339905240845e-02,4.397356761485571308e-02
1.038733054216432663e+02,5.000400879349577998e-01,5.000400879349577998e-01,4.283841125335311611e-02,4.401335736797773457e-02
1.054676434659912161e+02,4.990435700197385360e-01,4.990435700197385360e-01,4.274971252281102585e-02,4.392081093651358653e-02
1.070864528005262599e+02,4.996628412502129302e-01,4.996628412502129302e-01,4.273483578479499861e-02,4.390526536208926717e-02
1.087301090319431154e+02,5.000881967163360864e-01,5.000881967163360864e-01,4.278759839505073825e-02,4.396020991529803884e-02
1.103989935320757922e+02,5.001789003021459568e-01,5.001789003021459568e-01,4.274790611403295887e-02,4.391959328434313914e-02
1.120934935263855579e+02,5.004213713482013048e-01,5.004213713482013048e-01,4.234450230488437383e-02,4.350416018228861481e-02
1.138140021838077729e+02,4.994809766207918833e-01,4.994809766207918833e-01,4.286154184269252987e-02,4.403687137292581349e-02
1.155609187079769953e+02,4.998092927002003583e-01,4.998092927002003583e-01,4.108109281150973402e-02,4.220563454439980183e-02
1.173346484298535444e+02,5.005004143362317137e-01,5.005004143362317137e-01,4.240288349578622690e-02,4.356386006320826787e-02
1.191356029017706391e+02,5.000542229907596337e-01,5.000542229907596337e-01,4.279858940356644215e-02,4.396932090923656028e-02
1.209641999929251739e+02,5.006891715766440543e-01,5.006891715766440543e-01,4.278242033984861609e-02,4.395435509647359351e-02
1.228208639863350697e+02,4.995748856575082386e-01,4.995748856575082386e-01,4.286899800112587561e-02,4.404197959159501102e-02
1.247060256772838045e+02,5.006127322496733978e-01,5.006127322496733978e-01,4.287920941508491235e-02,4.405300741994869901e-02
1.266201224732765098e+02,4.999620423559282267e-01,4.999620423559282267e-01,4.286689302907325388e-02,4.404051433783024577e-02
1.285635984955296465e+02,5.006368730776932230e-01,5.006368730776932230e-01,4.278595077211502784e-02,4.395838760863989697e-02
1.305369046820196957e+02,4.998730122292640576e-01,4.998730122292640576e-01,4.257450901690754130e-02,4.373884887457825388e-02
1.325404988921122538e+02,4.993892699379338662e-01,4.993892699379338662e-01,4.285821624903474181e-02,4.403268638582085587e-02
1.345748460127972237e+02,5.005235449857069474e-01,5.005235449857069474e-01,4.288961681484942945e-02,4.406424075970426235e-02
1.366404180665557533e+02,5.000848074158058543e-01,5.000848074158058543e-01,4.285010663006687259e-02,4.402323803803301350e-02
1.387376943208813032e+02,5.000436713143917578e-01,5.000436713143917578e-01,4.284836594271473897e-02,4.402128410094883343e-02
1.408671613994828533e+02,4.999477792188994907e-01,4.999477792188994907e-01,4.286957292235456241e-02,4.404417454102076829e-02
1.430293133951937818e+02,4.993740726030047039e-01,4.993740726030047039e-01,4.281588929650024383e-02,4.398855613253545294e-02
1.452246519846155195e+02,4.992909882123101606e-01,4.992909882123101606e-01,4.292236134005360942e-02,4.409666990756522936e-02
1.474536865445191154e+02,4.993683620293457581e-01,4.993683620293457581e-01,4.280755432919249731e-02,4.397846506119822141e-02
1.497169342700344998e+02,4.993299161531852826e-01,4.993299161531852826e-01,4.280823640991002210e-02,4.398022824616055343e-02
1.520149202946529101e+02,4.993549460457264444e-01,4.993549460457264444e-01,4.291821227615582462e-02,4.409150693702395402e-02
1.543481778120726631e+02,4.998393567437937057e-01,4.998393567437937057e-01,4.278386268371832390e-02,4.395662475534482111e-02
1.567172481999135698e+02,5.000945990239362704e-01,5.000945990239362704e-01,4.286472072277684037e-02,4.403781850778613893e-02
1.591226811453313132e+02,4.999815804651922546e-01,4.999815804651922546e-01,4.289969821565318975e-02,4.407431746763177532e-02
1.615650347725587039e+02,5.005006171276633609e-01,5.005006171276633609e-01,4.292600873697665492e-02,4.410145562741672742e-02
1.640448757724063569e+02,4.995280024187913059e-01,4.995280024187913059e-01,4.290486575564136928e-02,4.407879771609441583e-02
1.665627795337494774e+02,4.998658742107263131e-01,4.998658742107263131e-01,4.286723352846456836e-02,4.404025903006549697e-02
1.691193302770327875e+02,5.000658035309938354e-01,5.000658035309938354e-01,4.294484973678482087e-02,4.411932501292904069e-02
1.717151211898262488e+02,5.000906524550506882e-01,5.000906524550506882e-01,4.289298733620671572e-02,4.406661656472715682e-02
1.743507545644595211e+02,5.002191144720571359e-01,5.002191144720571359e-01,4.292468869913136642e-02,4.409956173127284329e-02
1.770268419377702571e+02,4.999280421416397169e-01,4.999280421416397169e-01,4.288257479251478960e-02,4.405684111471055292e-02
1.797440042329959908e+02,4.994195192323410137e-01,4.994195192323410137e-01,4.286805888192611602e-02,4.404163215684821220e-02
1.825028719038460565e+02,5.005703296622922016e-01,5.005703296622922016e-01,4.294337504726718213e-02,4.411801238983752843e-02
1.853040850807827837e+02,4.998852769669283047e-01,4.998852769669283047e-01,4.290764086827402596e-02,4.408213176959543261e-02
1.881482937195484340e+02,5.000694556946645442e-01,5.000694556946645442e-01,4.289871897155535241e-02,4.407333917845972227e-02
1.910361577519731213e+02,4.995564388294753133e-01,4.995564388294753133e-01,4.288865593742229726e-02,4.406165504307137104e-02
1.939683472390958343e+02,4.994811823563321540e-01,4.994811823563321540e-01,4.285339887905866008e-02,4.402590904734097338e-02
1.969455425266364443e+02,4.995602808384693727e-01,4.995602808384693727e-01,4.287119077224633978e-02,4.404531038980349228e-02
1.999684344028543421e+02,4.994967517438604898e-01,4.994967517438604898e-01,4.294181035761721749e-02,4.411570671491790718e-02
2.030377242588286038e+02,4.995883643409366748e-01,4.995883643409366748e-01,4.288567826448706766e-02,4.405845555858104584e-02
2.061541242512009831e+02,5.000752752023840397e-01,5.000752752023840397e-01,4.292432159837335226e-02,4.409694629290606543e-02
2.093183574674132217e+02,4.998914793519302902e-01,4.998914793519302902e-01,4.290119890612550252e-02,4.407398290981655309e-02
2.125311580934842368e+02,5.004849273213234362e-01,5.004849273213234362e-01,4.286829024954931511e-02,4.403831365992664365e-02
2.157932715843597009e+02,4.996333715406987008e-01,4.996333715406987008e-01,4.292187822519918233e-02,4.409431424527428950e-02
2.191054548368776977e+02,4.999369070420499606e-01,4.999369070420499606e-01,4.290037852324894707e-02,4.407232451901654802e-02
2.224684763653890229e+02,4.995481633339339811e-01,4.995481633339339811e-01,4.288115433999337145e-02,4.405236455157864744e-02
2.258831164800720330e+02,5.000202375247259079e-01,5.000202375247259079e-01,4.290752482911921323e-02,4.407961803470970830e-02
2.293501674679865800e+02,4.998974662439700789e-01,4.998974662439700789e-01,4.289758184304810068e-02,4.407044032056001148e-02
2.328704337769050596e+02,5.000449784535369036e-01,5.000449784535369036e-01,4.287681371954386172e-02,4.404794161222525678e-02
2.364447322019647970e+02,5.002750957936147325e-01,5.002750957936147325e-01,4.295227351898211338e-02,4.412501415610313449e-02
2.400738920751877004e+02,4.999055021240391694e-01,4.999055021240391694e-01,4.292932868137722818e-02,4.410143134885584348e-02
2.437587554579062612e+02,4.999820964744426388e-01,4.999820964744426388e-01,4.292415186789003134e-02,4.409651577635668313e-02
2.475001773361446453e+02,4.999996418458276248e-01,4.999996418458276248e-01,4.292516405819333386e-02,4.409796593218925226e-02
2.512990258189971087e+02,4.999191344276743276e-01,4.999191344276743276e-01,4.292475972799002226e-02,4.409533541006385032e-02
2.551561823400537889e+02,5.000998917919236009e-01,5.000998917919236009e-01,4.290374246690771554e-02,4.407562323033926283e-02
2.590725418619160223e+02,5.002873649909852505e-01,5.002873649909852505e-01,4.294430901858140720e-02,4.411806135121151135e-02
2.630490130838505820e+02,4.997170969691253628e-01,4.997170969691253628e-01,4.294152332618250689e-02,4.411418070524814744e-02
2.670865186526334014e+02,4.999214576028528922e-01,4.999214576028528922e-01,4.293910358406719668e-02,4.411124407351599275e-02
2.711859953766273748e+02,4.997156224206883990e-01,4.997156224206883990e-01,4.289632050239015199e-02,4.406643535147304613e-02
2.753483944431466739e+02,4.999371281344195950e-01,4.999371281344195950e-01,4.291646404916536761e-02,4.408863109303638034e-02
2.795746816391579728e+02,4.998225318835408104e-01,4.998225318835408104e-01,4.295879366155713752e-02,4.413060332633904348e-02
2.838658375753673795e+02,5.000637613775560375e-01,5.000637613775560375e-01,4.293978348196833550e-02,4.411086045028059927e-02
2.882228579137500333e+02,5.003093294879756847e-01,5.003093294879756847e-01,4.295819024980301187e-02,4.412987719223019495e-02
2.926467535985680115e+02,5.000548001561669897e-01,5.000548001561669897e-01,4.291947833143058139e-02,4.409026579494820797e-02
2.971385510909379377e+02,5.000288663445480175e-01,5.000288663445480175e-01,4.295648550451733327e-02,4.412679455237230458e-02
3.016992926069964369e+02,5.002286795229433647e-01,5.002286795229433647e-01,4.296338647679658757e-02,4.413507283935905190e-02
3.063300363597217029e+02,5.002178063336258917e-01,5.002178063336258917e-01,4.297124231423368051e-02,4.414247181566315764e-02
3.110318568044676795e+02,4.997154847723231930e-01,4.997154847723231930e-01,4.296178765641525676e-02,4.413226386159658371e-02
3.158058448882648577e+02,4.999307902564004147e-01,4.999307902564004147e-01,4.294878608925500885e-02,4.412003164881025258e-02
3.206531083029505567e+02,4.998867533897525806e-01,4.998867533897525806e-01,4.291622866509715167e-02,4.408730813648435026e-02
3.255747717421822927e+02,4.999294943920561396e-01,4.999294943920561396e-01,4.295352367087616752e-02,4.412367017683573034e-02
3.305719771623951146e+02,4.998403331325063648e-01,4.998403331325063648e-01,4.292256584175629247e-02,4.409116039911168544e-02
3.356458840477681065e+02,4.999231811817351767e-01,4.999231811817351767e-01,4.297393874058616503e-02,4.414438851209706582e-02
3.407976696792539428e+02,5.002823954708329746e-01,5.002823954708329746e-01,4.294183681273716635e-02,4.411245758307631715e-02
3.460285294077398817e+02,5.003018487457918662e-01,5.003018487457918662e-01,4.295943522325251090e-02,4.413028813427081337e-02
3.513396769313998220e+02,5.001581642728302191e-01,5.001581642728302191e-01,4.293559458389063083e-02,4.410522728203795928e-02
3.567323445773062076e+02,4.997093462446922096e-01,4.997093462446922096e-01,4.292143039184156961e-02,4.409048821683973080e-02
3.622077835873617460e+02,5.000485766440045943e-01,5.000485766440045943e-01,4.295023251487873478e-02,4.411981833796017188e-02
3.677672644086195533e+02,5.002880363519522922e-01,5.002880363519522922e-01,4.295825822741607819e-02,4.412881041719811381e-02
3.734120769880627222e+02,5.000466351218501027e-01,5.000466351218501027e-01,4.294165717376745295e-02,4.411160698989988194e-02
3.791435310719048175e+02,4.999427823358404410e-01,4.999427823358404410e-01,4.292292187394923519e-02,4.409211728267837388e-02
3.849629565094864461e+02,5.002100223434048365e-01,5.002100223434048365e-01,4.295515856848215047e-02,4.412462108558975332e-02
3.908717035618340674e+02,4.999862154841003825e-01,4.999862154841003825e-01,4.293792826961725928e-02,4.410688475516508222e-02
3.968711432149586358e+02,4.999853415802442136e-01,4.999853415802442136e-01,4.293814182406640451e-02,4.410643594028079012e-02
4.029626674979595577e+02,5.001997687089758671e-01,5.001997687089758671e-01,4.295547701840405491e-02,4.412401872806367281e-02
4.091476898060112717e+02,4.999333131015457066e-01,4.999333131015457066e-01,4.295177141329623027e-02,4.412124051936552882e-02
4.154276452283105527e+02,5.000489534383164569e-01,5.000489534383164569e-01,4.295016394625417872e-02,4.411957728015841046e-02
4.218039908810538918e+02,5.002198044907270047e-01,5.002198044907270047e-01,4.295688447286374889e-02,4.412579974546679273e-02
4.282782062455274854e+02,4.999685820272088410e-01,4.999685820272088410e-01,4.295372313578264128e-02,4.412249923599301932e-02
4.348517935113864041e+02,4.999454374582941174e-01,4.999454374582941174e-01,4.294242235025740040e-02,4.411064936150796423e-02
4.415262779252008158e+02,4.997900542984197170e-01,4.997900542984197170e-01,4.295473928435240146e-02,4.412244616553653159e-02
4.483032081443566881e+02,4.998396945723739826e-01,4.998396945723739826e-01,4.294287298264680419e-02,4.411028016195632506e-02
4.551841565963817402e+02,5.000451411765897136e-01,5.000451411765897136e-01,4.295699063921347427e-02,4.412537621866795268e-02
4.621707198437936768e+02,5.000833190746032386e-01,5.000833190746032386e-01,4.295701578410807825e-02,4.412553626814041952e-02
4.692645189545428934e+02,4.997892669742422522e-01,4.997892669742422522e-01,4.294930369654321317e-02,4.411677016527391915e-02
4.764671998781440720e+02,5.001760207603264119e-01,5.001760207603264119e-01,4.297415581741369922e-02,4.414173431703238837e-02
4.837804338275802820e+02,4.999701947612189001e-01,4.999701947612189001e-01,4.295789201618754188e-02,4.412578891144949139e-02
4.912059176670668421e+02,5.000363830838603363e-01,5.000363830838603363e-01,4.295780353527516027e-02,4.412497047160286734e-02
4.987453743057719180e+02,5.000046050423693211e-01,5.000046050423693211e-01,4.295867723951232731e-02,4.412564189184922658e-02
5.064005530975755960e+02,5.000350616347698507e-01,5.000350616347698507e-01,0.000000000000000000e+00,0.000000000000000000e+00
5.141732302469645219e+02,4.998832210203179027e-01,4.998832210203179027e-01,4.295508422513376334e-02,4.412184469596831804e-02
5.220652092211621493e+02,4.999548812265953157e-01,4.999548812265953157e-01,4.295564345334423884e-02,4.412234908237587516e-02
5.300783211685782135e+02,4.999094528172043361e-01,4.999094528172043361e-01,4.296059376184711842e-02,4.412738564642495337e-02
5.382144253436848658e+02,4.998204744040616876e-01,4.998204744040616876e-01,4.297045469106524490e-02,4.413756799342809234e-02
5.464754095384129187e+02,4.998147138418255753e-01,4.998147138418255753e-01,4.296928307201596658e-02,4.413627519726287529e-02
5.548631905201682457e+02,4.999744045879386811e-01,4.999744045879386811e-01,4.295166267029708329e-02,4.411727770874859095e-02
5.633797144765756002e+02,4.999984100212224170e-01,4.999984100212224170e-01,4.296169619035208886e-02,4.412844294862589001e-02
5.720269574670421662e+02,4.998378490155361287e-01,4.998378490155361287e-01,4.295741360069951081e-02,4.412415765225887604e-02
5.808069258812588487e+02,5.001584206948359590e-01,5.001584206948359590e-01,4.295234441239154100e-02,4.411860184336546808e-02
5.897216569047343455e+02,5.001472359128219525e-01,5.001472359128219525e-01,4.297551536839455677e-02,4.414257515349891137e-02
5.987732189914763694e+02,5.001775710726323876e-01,5.001775710726323876e-01,4.297021740803029510e-02,4.413667536573484540e-02
6.079637123439287052e+02,4.998425132508301227e-01,4.998425132508301227e-01,4.296302656148327792e-02,4.412934296927414901e-02
6.172952694002710814e+02,4.999677724279454893e-01,4.999677724279454893e-01,4.296056840379605668e-02,4.412738995574182199e-02
6.267700553292058885e+02,4.998457205209463350e-01,4.998457205209463350e-01,4.296903300620033561e-02,4.413603160250931939e-02
6.363902685323298556e+02,4.999796944496524564e-01,4.999796944496524564e-01,4.297207384978537353e-02,4.413824457913870236e-02
6.461581411542257456e+02,4.999403179046134627e-01,4.999403179046134627e-01,4.294646920543163798e-02,4.411214892892167255e-02
6.560759396003767279e+02,4.999215976809431861e-01,4.999215976809431861e-01,4.296189259161474483e-02,4.412536620162427203e-02
6.661459650630329179e+02,5.000180588405120918e-01,5.000180588405120918e-01,4.295714151393622421e-02,4.412127216643420974e-02
6.763705540551499098e+02,4.999868773043435466e-01,4.999868773043435466e-01,4.296283543950994710e-02,4.412865741382120122e-02
6.867520789525191276e+02,4.998503392498990228e-01,4.998503392498990228e-01,4.295506687890156272e-02,4.412114894963451578e-02
6.972929485442264195e+02,4.998822007933957923e-01,4.998822007933957923e-01,4.296345266231219040e-02,4.412911193564650336e-02
7.079956085915495123e+02,5.000030716789169993e-01,5.000030716789169993e-01,4.296298478223616046e-02,4.412936007251846288e-02
7.188625423954447342e+02,5.000411896965648584e-01,5.000411896965648584e-01,4.293792826961725928e-02,4.410688475516508222e-02
7.298962713727354412e+02,5.000160988461315181e-01,5.000160988461315181e-01,4.296236868307459766e-02,4.412860112183261685e-02
7.410993556411483496e+02,4.999734510086243922e-01,4.999734510086243922e-01,4.295547701840405491e-02,4.412401872806367281e-02
7.524743946133291956e+02,5.001171410462561528e-01,5.001171410462561528e-01,4.296935590889188611e-02,4.413532591098919683e-02
7.640240275999755113e+02,4.998755998600679096e-01,4.998755998600679096e-01,4.295570510128163960e-02,4.412181938692810723e-02
7.757509344222241907e+02,5.001332477147392153e-01,5.001332477147392153e-01,4.297192989967879573e-02,4.413815831681131702e-02
7.876578360334460740e+02,5.000283945310294298e-01,5.000283945310294298e-01,4.297130011260742039e-02,4.413675191270886172e-02
7.997474951505732861e+02,5.001275120781635275e-01,5.001275120781635275e-01,4.295231158903334290e-02,4.411795474000973494e-02
8.120227168951280419e+02,4.998819495978208405e-01,4.998819495978208405e-01,4.295208928210195176e-02,4.411840377631597032e-02
8.244863494440825207e+02,5.001165686483519668e-01,5.001165686483519668e-01,4.295249316503759601e-02,4.411943257454550155e-02
8.371412846907119274e+02,5.000075651213015115e-01,5.000075651213015115e-01,4.296180362178711465e-02,4.412852563592604971e-02
8.499904589155913754e+02,5.001157965179359177e-01,5.001157965179359177e-01,4.295470233345986127e-02,4.412009037827374636e-02
8.630368534678873402e+02,4.998985986186850750e-01,4.998985986186850750e-01,4.297348001811769624e-02,4.413876047436497002e-02
8.762834954571158050e+02,5.001207222165111599e-01,5.001207222165111599e-01,4.297415581741369922e-02,4.414173431703238837e-02
8.897334584555050014e+02,5.001057005349529572e-01,5.001057005349529572e-01,4.295375028738635664e-02,4.411891124150133653e-02
9.033898632111519191e+02,4.999909494685497724e-01,4.999909494685497724e-01,4.296479278602055585e-02,4.413049712477368214e-02
9.172558783721146938e+02,4.999967917141138196e-01,4.999967917141138196e-01,4.296309909419505912e-02,4.412750034700729795e-02
9.313347212216245907e+02,4.999518093927917683e-01,4.999518093927917683e-01,4.296958134605665530e-02,4.413420529098948525e-02
9.456296584245812937e+02,4.999960148004810034e-01,4.999960148004810034e-01,4.296574045470333975e-02,4.413071886391844306e-02
9.601440067855021425e+02,5.000079850186225361e-01,5.000079850186225361e-01,4.295804329556995177e-02,4.412263785619870843e-02
9.748811340181159721e+02,4.999970384518107047e-01,4.999970384518107047e-01,4.296338144221226868e-02,4.412771088315639578e-02
9.898444595267533259e+02,4.999639868634032647e-01,4.999639868634032647e-01,4.297041068237740513e-02,4.413540625511086501e-02
1.005037455199746546e+03,4.999824488979014436e-01,4.999824488979014436e-01,4.296656349697150490e-02,4.413016999635147042e-02
1.020463646214995947e+03,4.999091821006274028e-01,4.999091821006274028e-01,4.296940948357223788e-02,4.413320055074291398e-02
1.036126611857904891e+03,5.000133024901401990e-01,5.000133024901401990e-01,4.297021625447086657e-02,4.413469875766895534e-02
1.052029986351869866e+03,4.999119128393129663e-01,4.999119128393129663e-01,4.296928899572231147e-02,4.413383222877746703e-02
1.068177459701517137e+03,5.000376601992423398e-01,5.000376601992423398e-01,4.295723186954274186e-02,4.412143655002000869e-02
1.084572778548877523e+03,4.999762642627164633e-01,4.999762642627164633e-01,4.296493516539339613e-02,4.413002206623786727e-02
1.101219747042714062e+03,5.000749401821699136e-01,5.000749401821699136e-01,4.296877223043702593e-02,4.413369688618695025e-02
1.118122227721177069e+03,4.999901528440668930e-01,4.999901528440668930e-01,4.296697764124837726e-02,4.413166274997638860e-02
1.135284142408023172e+03,4.999203018136706977e-01,4.999203018136706977e-01,4.296924554000725038e-02,4.413310187161550990e-02
1.152709473122577492e+03,5.000138714467183831e-01,5.000138714467183831e-01,4.296605692058801801e-02,4.413008928671479508e-02
1.170402263003669304e+03,4.999808499464063472e-01,4.999808499464063472e-01,4.296200398486689498e-02,4.412461699673440180e-02
1.188366617247748309e+03,5.000259984849528827e-01,5.000259984849528827e-01,4.297211176319978843e-02,4.413532101732562524e-02
1.206606704061394566e+03,4.999787785321822553e-01,4.999787785321822553e-01,4.295851875701919148e-02,4.412210338018485167e-02
1.225126755628461297e+03,5.000134899379147235e-01,5.000134899379147235e-01,4.296268033640808504e-02,4.412551922290004064e-02
1.243931069092043799e+03,4.999516648410978203e-01,4.999516648410978203e-01,4.296283543950994710e-02,4.412865741382120122e-02
1.263024007551539626e+03,4.999905571258412285e-01,4.999905571258412285e-01,4.296398900772328833e-02,4.412709809094667729e-02
1.282410001074998490e+03,5.000092478079766201e-01,5.000092478079766201e-01,4.296377549399039986e-02,4.412678201930247956e-02
1.302093547727015903e+03,4.999811438036194100e-01,4.999811438036194100e-01,4.296442625267082177e-02,4.412714310790761402e-02
1.322079214612405622e+03,4.999595003653461434e-01,4.999595003653461434e-01,4.295754406449850404e-02,4.412017078045755297e-02
1.342371638935883539e+03,4.999901018375856321e-01,4.999901018375856321e-01,4.295811989824869365e-02,4.412072386086220155e-02
1.362975529078031741e+03,5.000630851565879276e-01,5.000630851565879276e-01,4.295851824225974114e-02,4.412176109780557159e-02
1.383895665687755809e+03,5.000038990800180772e-01,5.000038990800180772e-01,4.295775889229844213e-02,4.412226917158113687e-02
1.405136902791533430e+03,5.000029309292491897e-01,5.000029309292491897e-01,4.296812723629409719e-02,4.413131023582536616e-02
1.426704168919669883e+03,5.000459183868705137e-01,5.000459183868705137e-01,4.296136057123658286e-02,4.412514252189430469e-02
1.448602468249850745e+03,5.000375789752982136e-01,5.000375789752982136e-01,4.296769744742778147e-02,4.413155954971444139e-02
1.470836881768243074e+03,4.999819151109000104e-01,4.999819151109000104e-01,4.296352244453737618e-02,4.412618356946040876e-02
1.493412568448420416e+03,5.000138297712535262e-01,5.000138297712535262e-01,4.296569372146041149e-02,4.412902022709021960e-02
1.516334766448375376e+03,4.999672652084681812e-01,4.999672652084681812e-01,4.296586295726592675e-02,4.412820302345790008e-02
1.539608794325922190e+03,4.999828434215516926e-01,4.999828434215516926e-01,4.296038393650087467e-02,4.412274164744303673e-02
1.563240052272730964e+03,5.000614366034815683e-01,5.000614366034815683e-01,4.295955140003934747e-02,4.412202342087402640e-02
1.587234023367325563e+03,5.000577417587328544e-01,5.000577417587328544e-01,4.296300658915424425e-02,4.412487447645981054e-02
1.611596274847297309e+03,4.999757535684903886e-01,4.999757535684903886e-01,4.296514379855943810e-02,4.412746716069523151e-02
1.636332459401053711e+03,4.999676946747750872e-01,4.999676946747750872e-01,4.296079225325957068e-02,4.412362795570515944e-02
1.661448316479393498e+03,5.000346038323167930e-01,5.000346038323167930e-01,4.295622474179253830e-02,4.411906593982712482e-02
1.686949673627203993e+03,5.000348159280354476e-01,5.000348159280354476e-01,4.296537918061949651e-02,4.412836395343765900e-02
1.712842447835619623e+03,4.999745029068905500e-01,4.999745029068905500e-01,4.296142867143498689e-02,4.412518305028789029e-02
1.739132646914904853e+03,4.999957133328953307e-01,4.999957133328953307e-01,4.295750438340473903e-02,4.412059932696865694e-02
1.765826370888439214e+03,5.000498369971413393e-01,5.000498369971413393e-01,4.296066467827767965e-02,4.412333353073336073e-02
1.792929813408077280e+03,4.999712991243239202e-01,4.999712991243239202e-01,4.295767118924413708e-02,4.412054842454381232e-02
1.820449263191241243e+03,5.000314112185382243e-01,5.000314112185382243e-01,4.296262267386191658e-02,4.412551708135287881e-02
1.848391105480072611e+03,5.000025736967972367e-01,5.000025736967972367e-01,4.295463645324344021e-02,4.411744964198442004e-02
1.876761823522970417e+03,5.000568919822930836e-01,5.000568919822930836e-01,4.295772465137997348e-02,4.412157778022810645e-02
1.905568000078888872e+03,4.999640474731704698e-01,4.999640474731704698e-01,4.296088105172384680e-02,4.412404508548206650e-02
1.934816318944698196e+03,4.999637146060605941e-01,4.999637146060605941e-01,4.295675137930084209e-02,4.411983794119441610e-02
1.964513566506014740e+03,5.000546580574444233e-01,5.000546580574444233e-01,4.295601004292257108e-02,4.411777274194173676e-02
1.994666633311815986e+03,4.999845557351819125e-01,4.999845557351819125e-01,4.295501614594832152e-02,4.411674996916553626e-02
2.025282515673231956e+03,5.000546474913315498e-01,5.000546474913315498e-01,4.296271750034066222e-02,4.412522214278578880e-02
2.056368317286875026e+03,4.999893510820102582e-01,4.999893510820102582e-01,4.295863710259436447e-02,4.412073909686296119e-02
2.087931250883088069e+03,5.000069068292495311e-01,5.000069068292495311e-01,4.296083858321071702e-02,4.412368570445687754e-02
2.119978639899482005e+03,4.999557771207913115e-01,4.999557771207913115e-01,4.296014526372891884e-02,4.412228937010513607e-02
2.152517920180173860e+03,4.999957924999020586e-01,4.999957924999020586e-01,4.296101221392745889e-02,4.412385395931778254e-02
2.185556641701102308e+03,4.999881476845292050e-01,4.999881476845292050e-01,4.296224443399114523e-02,4.412497661981615305e-02
2.219102470321814963e+03,4.999828478360943129e-01,4.999828478360943129e-01,4.296243209810927249e-02,4.412428183219162942e-02
2.253163189564156255e+03,5.000062435591141607e-01,5.000062435591141607e-01,4.296543563008890787e-02,4.412724606585106957e-02
2.287746702418249242e+03,5.000428800673425433e-01,5.000428800673425433e-01,4.296499769124784845e-02,4.412743374268757179e-02
2.322861033176200181e+03,4.999892001077630987e-01,4.999892001077630987e-01,4.296151704271324034e-02,4.412297203784692340e-02
2.358514329293939227e+03,4.999574429520990959e-01,4.999574429520990959e-01,4.296054778096732030e-02,4.412142740422859977e-02
2.394714863281662474e+03,5.000054117042957991e-01,5.000054117042957991e-01,4.296312520519132011e-02,4.412467522604856390e-02
2.431471034623254582e+03,5.000046904430609507e-01,5.000046904430609507e-01,4.296483223984250838e-02,4.412599891220451986e-02
2.468791371725208137e+03,4.999629977996478680e-01,4.999629977996478680e-01,4.296443821038701399e-02,4.412662823390564593e-02
2.506684533895431741e+03,5.000138048076140374e-01,5.000138048076140374e-01,4.296513988365768116e-02,4.412603368816780947e-02
2.545159313352438858e+03,4.999953718368700950e-01,4.999953718368700950e-01,4.296916694138781107e-02,4.413038216385757606e-02
2.584224637265382171e+03,4.999659181916721318e-01,4.999659181916721318e-01,4.296812723629409719e-02,4.413131023582536616e-02
2.623889569825379567e+03,5.000073956562560706e-01,5.000073956562560706e-01,4.297053308229078356e-02,4.413271384255494645e-02
2.664163314348666518e+03,5.000038243800900561e-01,5.000038243800900561e-01,4.296508652949705687e-02,4.412725021154619703e-02
2.705055215411990048e+03,4.999690547567240406e-01,4.999690547567240406e-01,4.296971623806166568e-02,4.413121395188500384e-02
2.746574761020813639e+03,4.999885556837529443e-01,4.999885556837529443e-01,4.296908967927447198e-02,4.412934708781540705e-02
2.788731584810777804e+03,5.000298713308320986e-01,5.000298713308320986e-01,4.297336012471350553e-02,4.413343711357447380e-02
2.831535468282961574e+03,5.000400257496899759e-01,5.000400257496899759e-01,4.296692144541884584e-02,4.412724167288979704e-02
2.874996343073449225e+03,5.000332838306618122e-01,5.000332838306618122e-01,4.297102196331252510e-02,4.412979158971575000e-02
2.919124293257736554e+03,4.999920561320825851e-01,4.999920561320825851e-01,4.297277135922922958e-02,4.413332116985111547e-02
2.963929557690495130e+03,5.000035220059990682e-01,5.000035220059990682e-01,4.297150936588877562e-02,4.413187941361684102e-02
3.009422532381264318e+03,4.999919401375068628e-01,4.999919401375068628e-01,4.297128527981113055e-02,4.413118589416262921e-02
3.055613772906605845e+03,4.999905194391353613e-01,4.999905194391353613e-01,4.297375536183244832e-02,4.413308894893271106e-02
3.102513996859270264e+03,4.999678360070295979e-01,4.999678360070295979e-01,4.297083870921051402e-02,4.413093845764524265e-02
3.150134086334964650e+03,4.999938999525463390e-01,4.999938999525463390e-01,4.297341507259989229e-02,4.413303731786436673e-02
3.198485090457286333e+03,4.999717114145809105e-01,4.999717114145809105e-01,4.297756399612990413e-02,4.413794567857985685e-02
3.247578227941419755e+03,4.999896555363203543e-01,4.999896555363203543e-01,4.297549541702028186e-02,4.413577255202107835e-02
3.297424889697157596e+03,4.999929097335379935e-01,4.999929097335379935e-01,4.297556068943231278e-02,4.413569959296728684e-02
3.348036641471920575e+03,4.999943722885329400e-01,4.999943722885329400e-01,4.297614806742058174e-02,4.413617085744044738e-02
3.399425226534290232e+03,4.999934287888437856e-01,4.999934287888437856e-01,4.297219370494713420e-02,4.413265024559222954e-02
3.451602568398781386e+03,4.999900178287754460e-01,4.999900178287754460e-01,4.297680625875364285e-02,4.413654871986363859e-02
3.504580773592400419e+03,4.999804941042542139e-01,4.999804941042542139e-01,4.297672511302516596e-02,4.413767016475321492e-02
3.558372134463684688e+03,5.000167327161113562e-01,5.000167327161113562e-01,4.297419109757174421e-02,4.413493371399818122e-02
3.612989132034856084e+03,5.000236923520329224e-01,5.000236923520329224e-01,4.297801960591459552e-02,4.413822291523683550e-02
3.668444438897735836e+03,5.000094078596416525e-01,5.000094078596416525e-01,4.297678695357171758e-02,4.413826414904906126e-02
3.724750922154145428e+03,5.000257305991776535e-01,5.000257305991776535e-01,4.297743337060092039e-02,4.413791683799354187e-02
3.781921646401388898e+03,4.999970640992079107e-01,4.999970640992079107e-01,4.297910818393575055e-02,4.413883682241430406e-02
3.839969876763608681e+03,5.000025968777994656e-01,5.000025968777994656e-01,4.297506853041704877e-02,4.413537832934525534e-02
3.898909081969633917e+03,5.000025957553697609e-01,5.000025957553697609e-01,4.297439121434581261e-02,4.413447163434466164e-02
3.958752937478083822e+03,5.000243859133938207e-01,5.000243859133938207e-01,4.297527729682042164e-02,4.413576006054063111e-02
4.019515328650444189e+03,5.000263500475958800e-01,5.000263500475958800e-01,4.297571733238873815e-02,4.413552219545818084e-02
4.081210353972819576e+03,4.999852609746144871e-01,4.999852609746144871e-01,4.296243209810927249e-02,4.412428183219162942e-02
4.143852328327187934e+03,4.999907393150652135e-01,4.999907393150652135e-01,4.297140910779125716e-02,4.413189243804663264e-02
4.207455786312797500e+03,5.000024626516856863e-01,5.000024626516856863e-01,4.297018994175596379e-02,4.412991535631590606e-02
4.272035485618608618e+03,4.999956661866922780e-01,4.999956661866922780e-01,4.296151704271324034e-02,4.412297203784692340e-02
4.337606410447453527e+03,5.000208078224933628e-01,5.000208078224933628e-01,4.296612440177705050e-02,4.412677991544478734e-02
4.404183774992771760e+03,5.000032194275075836e-01,5.000032194275075836e-01,4.296749940188601680e-02,4.412825812477967624e-02
4.471783026968707418e+03,5.000258286280775399e-01,5.000258286280775399e-01,4.296354590295231590e-02,4.412416471331380430e-02
4.540419851194391413e+03,4.999997176088349371e-01,4.999997176088349371e-01,4.296356329997070428e-02,4.412295288647874458e-02
4.610110173233219029e+03,4.999891907710811156e-01,4.999891907710811156e-01,4.296408025469281716e-02,4.412285875822999359e-02
4.680870163088035952e+03,4.999918259103548479e-01,4.999918259103548479e-01,4.296250843207235354e-02,4.412244717191788485e-02
4.752716238952965796e+03,5.000018921845585940e-01,5.000018921845585940e-01,4.296033652580808632e-02,4.412034648304688500e-02
4.825665071022905977e+03,4.999978439979950173e-01,4.999978439979950173e-01,4.295868516960763689e-02,4.411792297745705665e-02
4.899733585361429505e+03,5.000011873395757700e-01,5.000011873395757700e-01,4.295703666209010202e-02,4.411709097315906491e-02
4.974938967828092245e+03,5.000027881383656281e-01,5.000027881383656281e-01,4.296971623806166568e-02,4.413121395188500384e-02
5.051298668066006030e+03,4.999948550182623519e-01,4.999948550182623519e-01,4.295513057848438648e-02,4.411334080327651563e-02
5.128830403550604387e+03,5.000232766041697863e-01,5.000232766041697863e-01,4.295663309816154934e-02,4.411476252431748707e-02
5.207552163700594065e+03,5.000236447944185203e-01,5.000236447944185203e-01,4.295425886637531387e-02,4.411299912855611016e-02
5.287482214051960909e+03,5.000011103605245255e-01,5.000011103605245255e-01,4.295362025508075304e-02,4.411255073340725891e-02
5.368639100496046922e+03,4.999933261864346612e-01,4.999933261864346612e-01,4.295218324381858133e-02,4.411149388802004800e-02
5.451041653582716208e+03,4.999959305020090228e-01,4.999959305020090228e-01,4.295019305011373717e-02,4.410936698861769173e-02
5.534708992889523870e+03,4.999928075749298095e-01,4.999928075749298095e-01,4.294885126830195327e-02,4.410788753794622763e-02
5.619660531457973775e+03,4.999975699645416993e-01,4.999975699645416993e-01,4.295060331578133550e-02,4.410918455407954880e-02
5.705915980297837450e+03,4.999981776333674022e-01,4.999981776333674022e-01,4.295128803676925844e-02,4.410895509726833752e-02
5.793495352960664604e+03,4.999863815646730658e-01,4.999863815646730658e-01,4.295038975746137688e-02,4.410806277013034488e-02
5.882418970183442070e+03,4.999968516007710639e-01,4.999968516007710639e-01,4.295144616253673830e-02,4.410990452650002946e-02
5.972707464603524386e+03,4.999947475190436030e-01,4.999947475190436030e-01,4.295212102067307719e-02,4.411022766047972138e-02
6.064381785545988350e+03,4.999932239656444954e-01,4.999932239656444954e-01,4.295325042473268490e-02,4.411145789318834248e-02
6.157463203884411087e+03,5.000009900731792190e-01,5.000009900731792190e-01,4.295365438977023775e-02,4.411129051781608607e-02
6.251973316976284877e+03,5.000009671011270695e-01,5.000009671011270695e-01,4.295510332120466152e-02,4.411226839758455864e-02
6.347934053674152892e+03,4.999994880013345355e-01,4.999994880013345355e-01,4.295614458975614836e-02,4.411394545939401751e-02
6.445367679413723636e+03,4.999911389339881662e-01,4.999911389339881662e-01,4.295808751881122906e-02,4.411493221839191126e-02
6.544296801380025499e+03,4.999850068559212324e-01,4.999850068559212324e-01,4.296032698883209267e-02,4.411694018702837922e-02
6.644744373752847423e+03,4.999894246224803607e-01,4.999894246224803607e-01,4.295826740984921149e-02,4.411557724574231842e-02
6.746733703032762605e+03,4.999915680466994750e-01,4.999915680466994750e-01,4.296080076604266718e-02,4.411874519026605379e-02
6.850288453448824839e+03,4.999858134539679200e-01,4.999858134539679200e-01,4.295899695641128280e-02,4.411529907336807915e-02
6.955432652449312627e+03,4.999989816239736040e-01,4.999989816239736040e-01,4.295939652543166037e-02,4.411745938420062740e-02
7.062190696276704330e+03,4.999986155935637333e-01,4.999986155935637333e-01,4.295924058512901045e-02,4.411708994407672474e-02
7.170587355628299520e+03,4.999879563800199711e-01,4.999879563800199711e-01,4.296076677131350358e-02,4.411807778268121011e-02
7.280647781403645240e+03,5.000118000754077974e-01,5.000118000754077974e-01,4.295979200906004103e-02,4.411815357176238073e-02
7.392397510540227813e+03,5.000119469236140590e-01,5.000119469236140590e-01,4.295752777421148194e-02,4.411483295541256816e-02
7.505862471938688941e+03,4.999907035585432480e-01,4.999907035585432480e-01,4.295389036231790636e-02,4.411155015954864450e-02
7.621068992479065855e+03,5.000179339271346723e-01,5.000179339271346723e-01,4.295154606053256524e-02,4.410813294624676972e-02
7.738043803129300613e+03,5.000155387230744708e-01,5.000155387230744708e-01,4.295103533848305261e-02,4.410722178380820091e-02
7.856814045147509205e+03,4.999875033092093801e-01,4.999875033092093801e-01,4.296151704271324034e-02,4.412297203784692340e-02
7.977407276379524774e+03,5.000106752014363831e-01,5.000106752014363831e-01,4.294673895544837833e-02,4.410347613613703477e-02
8.099851477653010988e+03,4.999898036226553821e-01,4.999898036226553821e-01,4.294425440364284252e-02,4.410177169780945400e-02
8.224175059269779013e+03,5.000075117355406995e-01,5.000075117355406995e-01,4.293999470199923868e-02,4.409724006374017569e-02
8.350406867597688688e+03,4.999957273653800049e-01,4.999957273653800049e-01,4.293773616477847277e-02,4.409578545839758917e-02
8.478576191763831957e+03,4.999885258493515505e-01,4.999885258493515505e-01,4.293420095596229419e-02,4.409224261916824816e-02
8.608712770450343669e+03,4.999996780785499473e-01,4.999996780785499473e-01,4.293066565363551357e-02,4.409068354443297644e-02
8.740846798794589631e+03,5.000169993150453962e-01,5.000169993150453962e-01,4.293057714414317411e-02,4.408959077420877143e-02
8.875008935395198932e+03,5.000074989895375577e-01,5.000074989895375577e-01,4.292950037031550981e-02,4.408975795045261964e-02
9.011230309425722226e+03,5.000001995383156483e-01,5.000001995383156483e-01,4.292648036970058562e-02,4.408605709971743364e-02
9.149542527857409368e+03,5.000124410288963039e-01,5.000124410288963039e-01,4.292775505845201900e-02,4.408678578012040911e-02
9.289977682792829000e+03,4.999988758551072721e-01,4.999988758551072721e-01,4.292653371000779150e-02,4.408561946463305375e-02
9.432568358912141775e+03,4.999893834443552287e-01,4.999893834443552287e-01,4.292841748034698091e-02,4.408739134727511499e-02
9.577347641033578839e+03,4.999902063613462788e-01,4.999902063613462788e-01,4.292798858330934553e-02,4.408759892600937896e-02
9.724349121790013669e+03,4.999903477778819272e-01,4.999903477778819272e-01,4.292748474181280749e-02,4.408728627912932713e-02
9.873606909423302568e+03,4.999908445948041957e-01,4.999908445948041957e-01,4.292859433111152756e-02,4.408874501183163153e-02
1.002515563569837286e+04,4.999950212733610400e-01,4.999950212733610400e-01,4.292859003206831586e-02,4.408942204405320864e-02
1.017903046393863042e+04,4.999988090473231339e-01,4.999988090473231339e-01,4.292844624203280557e-02,4.408885183188249179e-02
1.033526709718485290e+04,5.000060375881905106e-01,5.000060375881905106e-01,4.292705236232723098e-02,4.408851385719026600e-02
1.049390178647920220e+04,4.999945145987239603e-01,4.999945145987239603e-01,4.292722852074075390e-02,4.408834432557341698e-02
1.065497133927643699e+04,5.000026718517434077e-01,5.000026718517434077e-01,4.292522850082605007e-02,4.408581165815121661e-02
1.081851312798422077e+04,4.999958398784930536e-01,4.999958398784930536e-01,4.292219059032504475e-02,4.408432991988957272e-02
1.098456509863450810e+04,4.999965442097890067e-01,4.999965442097890067e-01,4.291988807570305819e-02,4.408177842048462136e-02
1.115316577968803176e+04,4.999955895275370876e-01,4.999955895275370876e-01,4.291620951215736890e-02,4.407759195836843252e-02
1.132435429097392625e+04,4.999934609742168190e-01,4.999934609742168190e-01,4.291192509370739261e-02,4.407310513115953593e-02
1.149817035276659590e+04,4.999958736138525039e-01,4.999958736138525039e-01,4.290847253249376048e-02,4.406907414924353394e-02
1.167465429500176469e+04,4.999913647033196185e-01,4.999913647033196185e-01,4.290337990230182197e-02,4.406432038792990752e-02
1.185384706663424731e+04,4.999941567559572086e-01,4.999941567559572086e-01,4.289724846190074575e-02,4.405974712152965073e-02
1.203579024513908189e+04,4.999942218241895109e-01,4.999942218241895109e-01,4.289251807655091592e-02,4.405406416457845198e-02
1.222052604615867131e+04,4.999994995499598138e-01,4.999994995499598138e-01,4.289059157174779369e-02,4.405223127632052621e-02
1.240809733329782284e+04,4.999942881241639658e-01,4.999942881241639658e-01,4.288866311759920863e-02,4.405038070469163153e-02
1.259854762806939107e+04,4.999984561827595098e-01,4.999984561827595098e-01,4.288709700157050664e-02,4.404965790454298119e-02
1.279192111999232475e+04,4.999954697109161295e-01,4.999954697109161295e-01,4.288811756108770745e-02,4.405014141582069137e-02
1.298826267684483537e+04,4.999996046208584621e-01,4.999996046208584621e-01,4.288569093320984682e-02,4.404907357864431411e-02
1.318761785507490640e+04,5.000153356187796438e-01,5.000153356187796438e-01,4.288665067916735962e-02,4.405020001990488099e-02
1.339003291037059898e+04,5.000033788521942579e-01,5.000033788521942579e-01,4.288799091882537773e-02,4.405158210059744589e-02
1.359555480839259690e+04,5.000070575157109509e-01,5.000070575157109509e-01,4.288722136276192087e-02,4.405124409226118809e-02
1.380423123567149196e+04,5.000065950602787801e-01,5.000065950602787801e-01,4.295389036231790636e-02,4.411155015954864450e-02
1.401611061067231640e+04,4.999934699927947590e-01,4.999934699927947590e-01,4.288488289885571819e-02,4.404877362377010441e-02
1.423124209502890881e+04,4.999997939352359699e-01,4.999997939352359699e-01,4.288106941420119500e-02,4.404450416562030735e-02
1.444967560495075668e+04,4.999894967827682168e-01,4.999894967827682168e-01,4.287403551026364168e-02,4.403798630391247276e-02
1.467146182280475477e+04,4.999980467048630306e-01,4.999980467048630306e-01,4.286774327646707822e-02,4.403091302802204093e-02
1.489665220887503529e+04,4.999899951150619803e-01,4.999899951150619803e-01,4.286172978443209686e-02,4.402429147710790885e-02
1.512529901330303801e+04,4.999992870477835694e-01,4.999992870477835694e-01,4.285548206901876322e-02,4.401780837363912513e-02
1.535745528821082553e+04,5.000137266624385957e-01,5.000137266624385957e-01,4.285058928112266824e-02,4.401345769150066117e-02
1.559317490001077203e+04,4.999946429176113094e-01,4.999946429176113094e-01,4.284517236214014507e-02,4.400777004734846010e-02
1.583251254190387954e+04,5.000003156635607349e-01,5.000003156635607349e-01,4.284288586498587181e-02,4.400760147420806206e-02
1.607552374657007749e+04,5.000004197317509114e-01,5.000004197317509114e-01,4.284362200149917366e-02,4.400778917089337439e-02
1.632226489905327617e+04,5.000004266418450749e-01,5.000004266418450749e-01,4.284542798856273010e-02,4.400832407726557038e-02
1.657279324984419509e+04,5.000001876140880430e-01,5.000001876140880430e-01,4.284694133559242141e-02,4.401116780698066666e-02
1.682716692816399518e+04,4.999876056297798410e-01,4.999876056297798410e-01,4.284432022119290251e-02,4.400933780276682084e-02
1.708544495545179961e+04,5.000185883293204459e-01,5.000185883293204459e-01,4.283732376503757849e-02,4.400181474987766711e-02
1.734768725905922838e+04,4.999856178531517092e-01,4.999856178531517092e-01,4.282985162304248777e-02,4.399561183637706874e-02
1.761395468615513528e+04,4.999846378047755335e-01,4.999846378047755335e-01,4.281845414065173910e-02,4.398477337835356854e-02
1.788430901784380694e+04,5.000004467930702079e-01,5.000004467930702079e-01,4.281036224449053657e-02,4.397514752796269355e-02
1.815881298349966892e+04,5.000002343338652011e-01,5.000002343338652011e-01,4.280544363739318542e-02,4.396983022012863895e-02
1.843753027532236956e+04,4.999903430560026507e-01,4.999903430560026507e-01,4.280422723150695968e-02,4.396831158464192119e-02
1.872052556311494118e+04,5.000104913352499958e-01,5.000104913352499958e-01,4.281010145237087311e-02,4.397493946566828626e-02
1.900786450928895647e+04,4.999931154362457497e-01,4.999931154362457497e-01,4.280693827901268372e-02,4.396979517012369193e-02
1.929961378409980898e+04,4.999933216263368063e-01,4.999933216263368063e-01,4.276111811381997502e-02,4.392243963660439482e-02
1.959584108111621026e+04,4.999973498291739316e-01,4.999973498291739316e-01,4.262278864040854043e-02,4.378038221379392664e-02
1.989661513292673408e+04,4.999934364298134759e-01,4.999934364298134759e-01,4.229428891278803199e-02,4.344224588823272087e-02
2.020200572708765321e+04,5.000006619913810457e-01,5.000006619913810457e-01,4.165481601943610973e-02,4.278498973828390867e-02
2.051208372231548128e+04,4.999978317876607181e-01,4.999978317876607181e-01,4.053617531576310384e-02,4.163575684837996643e-02
2.082692106492809035e+04,4.999786790845897055e-01,4.999786790845897055e-01,3.876845623814733494e-02,3.982016517652664511e-02
2.114659080553815147e+04,4.999976197523339216e-01,4.999976197523339216e-01,3.619234723158297473e-02,3.717442071574623974e-02
2.147116711600283452e+04,4.999765230811324401e-01,4.999765230811324401e-01,3.273719438206171284e-02,3.362611860226025207e-02
2.180072530663362340e+04,5.000502330614535751e-01,5.000502330614535751e-01,2.844811578450025941e-02,2.921984601681469965e-02
2.213534184367031412e+04,5.000068287940421241e-01,5.000068287940421241e-01,2.356257016977178834e-02,2.420096859300974873e-02
2.247509436702327002e+04,5.000088100118725842e-01,5.000088100118725842e-01,1.847880962613271394e-02,1.897895644334494231e-02
2.282006170828772883e+04,5.000430831973902146e-01,5.000430831973902146e-01,1.369766709613031742e-02,1.406761155650019732e-02
2.317032390903512351e+04,5.000492957463112953e-01,5.000492957463112953e-01,9.730272155895364206e-03,9.991651221207575526e-03
2.352596223938465118e+04,4.999636401024817878e-01,4.999636401024817878e-01,6.965686176932649534e-03,7.151458971784450079e-03
2.388705921686019065e+04,4.992620468835556879e-01,4.992620468835556879e-01,5.659725875302683631e-03,5.809920345403952503e-03
2.425369862553638086e+04,5.002707785158811982e-01,5.002707785158811982e-01,5.987657665857113766e-03,6.146489780774573239e-03
2.462596553547901203e+04,4.998456644434479124e-01,4.998456644434479124e-01,7.971261776721803513e-03,8.184437119401991034e-03
2.500394632248335984e+04,4.999210923010113383e-01,4.999210923010113383e-01,1.156929025496356185e-02,1.188058845564955897e-02
2.538772868811570152e+04,5.000637223324925218e-01,5.000637223324925218e-01,1.650523401924874553e-02,1.695108729525236432e-02
2.577740168006241947e+04,5.000027786400482732e-01,5.000027786400482732e-01,2.224900825839722443e-02,2.285074848230578964e-02
2.617305571279139986e+04,5.000488067843017470e-01,5.000488067843017470e-01,2.807971711756545100e-02,2.884031637987936880e-02
2.657478258853061197e+04,4.999935870708734909e-01,4.999935870708734909e-01,3.327854084188584111e-02,3.418064029215019811e-02
2.698267551856864520e+04,5.000030493657385833e-01,5.000030493657385833e-01,3.733812918455805402e-02,3.834993734085583028e-02
2.739682914488221286e+04,4.999899198085465679e-01,4.999899198085465679e-01,4.286172978443209686e-02,4.402429147710790885e-02
2.781733956209557437e+04,4.999835448987731690e-01,4.999835448987731690e-01,4.170950272967456629e-02,4.283885791263310205e-02
2.824430433977713255e+04,4.999933690745706483e-01,4.999933690745706483e-01,4.248204591084504822e-02,4.363309440753073559e-02
2.867782254507789185e+04,4.999922273996891819e-01,4.999922273996891819e-01,4.275944329577032604e-02,4.391895834053866771e-02
2.911799476571803825e+04,5.000004089798366635e-01,5.000004089798366635e-01,4.281507447271724193e-02,4.397612736298470160e-02
2.956492313332577760e+04,4.999990844284870062e-01,4.999990844284870062e-01,4.281134372690575951e-02,4.397101432274212046e-02
3.001871134713439096e+04,5.000010406714628930e-01,5.000010406714628930e-01,4.281344313628505927e-02,4.397468805342213960e-02
3.047946469804357912e+04,5.000044917484282037e-01,5.000044917484282037e-01,4.282795787238865420e-02,4.398794520334922686e-02
3.094729009304950159e+04,4.999969588322360492e-01,4.999969588322360492e-01,4.284495179940131515e-02,4.400465441061533062e-02
3.142229608005009140e+04,5.000165359930143216e-01,5.000165359930143216e-01,4.283732376503757849e-02,4.400181474987766711e-02
3.190459287303104065e+04,5.000178527813624596e-01,5.000178527813624596e-01,4.284796360830660233e-02,4.400831394328270224e-02
3.239429237763838319e+04,5.000139268243244395e-01,5.000139268243244395e-01,4.284941256308229945e-02,4.400930469096055869e-02
3.289150821714355698e+04,5.000073339063234590e-01,5.000073339063234590e-01,4.286004435614449576e-02,4.402053696170332708e-02
3.339635575880702527e+04,5.000164437928910077e-01,5.000164437928910077e-01,4.287443806426017440e-02,4.403524653008207557e-02
3.390895214064653555e+04,4.999989598034810245e-01,4.999989598034810245e-01,4.280422723150695968e-02,4.396831158464192119e-02
3.442941629861624824e+04,4.999958950292986426e-01,4.999958950292986426e-01,4.289192530326545183e-02,4.405315560390590801e-02
3.495786899420311238e+04,5.000157372575300130e-01,5.000157372575300130e-01,4.288882655915222247e-02,4.404970904751098759e-02
3.549443284244641836e+04,4.999969496536172398e-01,4.999969496536172398e-01,4.288993522728560409e-02,4.404989590196055349e-02
3.603923234038821101e+04,4.999970921977548999e-01,4.999970921977548999e-01,4.289530572277726328e-02,4.405593027686700164e-02
3.659239389595957618e+04,4.999933476086920736e-01,4.999933476086920736e-01,4.291107716018450341e-02,4.407242240183404519e-02
3.715404585731081170e+04,4.999950800657477212e-01,4.999950800657477212e-01,4.292439093565917491e-02,4.408597710504545686e-02
3.772431854259128158e+04,4.999973047857457220e-01,4.999973047857457220e-01,4.292813117158948699e-02,4.409002347695058915e-02
3.830334427018714632e+04,4.999951358128978396e-01,4.999951358128978396e-01,4.292591523684677335e-02,4.408654018893139181e-02
3.889125738942241878e+04,5.000001466130903349e-01,5.000001466130903349e-01,4.292423499780124996e-02,4.408597422475577648e-02
3.948819431173166959e+04,4.999963165247693353e-01,4.999963165247693353e-01,4.293087111486238588e-02,4.409200522824539836e-02
4.009429354231107573e+04,4.999999629937988410e-01,4.999999629937988410e-01,4.294353692111326642e-02,4.410446274693822361e-02
4.070969571225532854e+04,5.000176426062639123e-01,5.000176426062639123e-01,4.295175205299164856e-02,4.411384760556393003e-02
4.133454361118772795e+04,5.000023231681912650e-01,5.000023231681912650e-01,1.847880962613271394e-02,1.897895644334494231e-02
4.196898222039121174e+04,5.000167332805875997e-01,5.000167332805875997e-01,4.294903226519818096e-02,4.411100756662199307e-02
4.261315874644782889e+04,5.000215775988561262e-01,5.000215775988561262e-01,4.295218375747208300e-02,4.411297271776129514e-02
4.326722265539458749e+04,5.000237558935775040e-01,5.000237558935775040e-01,4.295637836281093747e-02,4.411926769959972905e-02
4.393132570740360825e+04,5.000008322589614140e-01,5.000008322589614140e-01,4.297092678307672109e-02,4.413326985767344196e-02
4.460562199199416500e+04,4.999929706460995993e-01,4.999929706460995993e-01,4.297475663808290880e-02,4.413642283857916598e-02
4.529026796378608560e+04,5.000028281171625677e-01,5.000028281171625677e-01,4.296737109069363042e-02,4.412925244087818888e-02
4.598542247880098876e+04,4.999855022678288963e-01,4.999855022678288963e-01,4.296065073192584932e-02,4.412257143747410487e-02
4.669124683132129576e+04,4.999987940244817741e-01,4.999987940244817741e-01,4.296174978092312524e-02,4.412377048548660197e-02
4.740790479131440952e+04,5.000874318921693096e-01,5.000874318921693096e-01,4.297252640806254603e-02,4.413433790428098608e-02
4.813556264243222540e+04,4.995530131150357489e-01,4.995530131150357489e-01,4.290471871473709731e-02,4.406044359598308702e-02
4.887438922059301694e+04,5.000039310379442714e-01,5.000039310379442714e-01,4.297112011071294729e-02,4.413302072096848827e-02
4.962455595315590472e+04,4.999848337841535373e-01,4.999848337841535373e-01,4.296069548901868679e-02,4.412241677916609039e-02
5.038623689869655209e+04,4.999597015801776623e-01,4.999597015801776623e-01,4.295993968303082194e-02,4.412174259711173357e-02
5.115960878739340114e+04,4.999874510795344618e-01,4.999874510795344618e-01,4.297535582748241573e-02,4.413733377141761810e-02
5.194485106203371106e+04,4.999865185593788675e-01,4.999865185593788675e-01,4.297315779686323306e-02,4.413562405301491021e-02
5.274214591964909050e+04,4.999960264273402566e-01,4.999960264273402566e-01,4.295838267795624998e-02,4.412081704163574314e-02
5.355167835379002645e+04,4.999991016175486802e-01,4.999991016175486802e-01,4.294806842601974622e-02,4.410978986686677622e-02
5.437363619744938478e+04,4.999927180490741918e-01,4.999927180490741918e-01,4.295187164269737012e-02,4.411436849265010229e-02
5.520821016664421768e+04,5.000004049474041645e-01,5.000004049474041645e-01,4.295347226891317594e-02,4.411475647802581140e-02
5.605559390466761397e+04,4.999891575499752494e-01,4.999891575499752494e-01,4.293961526366183584e-02,4.410063729487592038e-02
5.691598402701861778e+04,5.000002289915460585e-01,5.000002289915460585e-01,4.292630654541426671e-02,4.408713790337787791e-02
5.778958016702246096e+04,4.999897533149910700e-01,4.999897533149910700e-01,4.292579166166251431e-02,4.408789487372268695e-02
5.867658502215034969e+04,5.000148009487889178e-01,5.000148009487889178e-01,4.292611915440647935e-02,4.408701211190782510e-02
5.957720440105132730e+04,4.999941505539875486e-01,4.999941505539875486e-01,4.290631604779628072e-02,4.406572856701677920e-02
6.049164727130486426e+04,5.000152286988606143e-01,5.000152286988606143e-01,4.289396109117660921e-02,4.405227085741353354e-02
6.142012580790703942e+04,5.000156539378072251e-01,5.000156539378072251e-01,4.289448103774338994e-02,4.405304842340410781e-02
6.236285544250072417e+04,5.000138939316827180e-01,5.000138939316827180e-01,4.288253753248136291e-02,4.404076843717484591e-02
6.332005491336143314e+04,4.999968256759010909e-01,4.999968256759010909e-01,4.285516324083437495e-02,4.401261454477208013e-02
6.429194631615046092e+04,5.000166679980327933e-01,5.000166679980327933e-01,4.285068449637037535e-02,4.400834749505156546e-02
6.527875515544688096e+04,4.999895829763814636e-01,4.999895829763814636e-01,4.284075204149121602e-02,4.399765705820755241e-02
6.628071039707066666e+04,4.999828428239372347e-01,4.999828428239372347e-01,4.281417104080901398e-02,4.397043340821983615e-02
6.729804452120877977e+04,5.000079130004204675e-01,5.000079130004204675e-01,4.277039079894894014e-02,4.392549579971818940e-02
6.833099357635690831e+04,4.999991618001003446e-01,4.999991618001003446e-01,4.126160815774346929e-02,4.237523585057351855e-02
6.937979723408841528e+04,4.999739158110799164e-01,4.999739158110799164e-01,3.379920607063104099e-02,3.471191216251463818e-02
7.044469884466531221e+04,4.999482481497836139e-01,4.999482481497836139e-01,1.892573707504198108e-02,1.943539303669240478e-02
7.152594549350145098e+04,4.999536821765451777e-01,4.999536821765451777e-01,6.967395349929575259e-03,7.152600133704254542e-03
7.262378805849314085e+04,4.998629389566453529e-01,4.998629389566453529e-01,7.956729404046200202e-03,8.168817118654260120e-03
7.373848126822893391e+04,5.000048571650802520e-01,5.000048571650802520e-01,2.166560607939027258e-02,2.224987154599512157e-02
7.487028376109425153e+04,4.999940052954308656e-01,4.999940052954308656e-01,3.635780456100474317e-02,3.733942478781682173e-02
7.601945814528176561e+04,5.000118076036792480e-01,5.000118076036792480e-01,4.216514066269155814e-02,4.330319111773860835e-02
7.718627105972364370e+04,4.999979931549679013e-01,4.999979931549679013e-01,4.282083977235015548e-02,4.397620898426975872e-02
7.837099323595882743e+04,4.999887389755600098e-01,4.999887389755600098e-01,4.282935454504331607e-02,4.398596990620717156e-02
7.957389956094991066e+04,5.000117189686792418e-01,5.000117189686792418e-01,4.285343625865061651e-02,4.401164608830004238e-02
8.079526914086422767e+04,4.999991598550885818e-01,4.999991598550885818e-01,4.285985423190868254e-02,4.401712312045856501e-02
8.203538536583392124e+04,5.000149447668860159e-01,5.000149447668860159e-01,4.289031654232530744e-02,4.404802699919673631e-02
8.329453597570987768e+04,5.000075687207614639e-01,5.000075687207614639e-01,4.289086685288930056e-02,4.404835135969915189e-02
8.457301312682509888e+04,4.999999226457584878e-01,4.999999226457584878e-01,4.291307555846288202e-02,4.407099727468448414e-02
8.587111345978282043e+04,4.999919370156621357e-01,4.999919370156621357e-01,4.293085055911797371e-02,4.408964265781105396e-02
8.718913816828433482e+04,4.999909457049322992e-01,4.999909457049322992e-01,4.292997395127895466e-02,4.408856691894470770e-02
8.852739306901498639e+04,5.000175421342454296e-01,5.000175421342454296e-01,4.295449920746614164e-02,4.411354378983378677e-02
8.988618867260117258e+04,4.999845340210142819e-01,4.999845340210142819e-01,4.295310922877979692e-02,4.411163239835878130e-02
9.126584025565657066e+04,4.999969616163676411e-01,4.999969616163676411e-01,4.296173204522347328e-02,4.412117620109347327e-02
9.266666793393566331e+04,5.000301256408444806e-01,5.000301256408444806e-01,4.297459228310617635e-02,4.413307757393340747e-02
9.408899673660846020e+04,4.999991560144670943e-01,4.999991560144670943e-01,4.285068449637037535e-02,4.400834749505156546e-02
9.553315668167600234e+04,5.001124099009988111e-01,5.001124099009988111e-01,4.298571711219847241e-02,4.414464933509588962e-02
9.699948285254332586e+04,4.998986437661381288e-01,4.998986437661381288e-01,4.297193587641232049e-02,4.413068962702527964e-02
9.848831547576763842e+04,4.999700314220085207e-01,4.999700314220085207e-01,4.296388659003423649e-02,4.412378203767002710e-02
1.000000000000000000e+05,5.000234374999928955e-01,5.000234374999928955e-01,4.297314049591659246e-02,4.413321177367469927e-02
